LIN: INS  OP   MM FLAG  OPC STP   ADDR	    MEM BLOCK          MICROINSTRUCTION
--------------------------------------------------------------------------------------
000: NOP  00  [01|0000|0000|000] 000800   Code-block-1  04  40  02  00  00  00  00  00 
001: NOP  00  [10|0000|0000|000] 001000   Code-block-2  04  22  00  00  00  00  00  00 
002: NOP  00  [11|0000|0000|000] 001800   Code-block-3  00  00  00  00  00  00  00  00 
003: NOP  00  [01|0001|0000|000] 000880   Code-block-1  04  40  02  00  00  00  00  00 
004: NOP  00  [10|0001|0000|000] 001080   Code-block-2  04  22  00  00  00  00  00  00 
005: NOP  00  [11|0001|0000|000] 001880   Code-block-3  00  00  00  00  00  00  00  00 
006: NOP  00  [01|0010|0000|000] 000900   Code-block-1  04  40  02  00  00  00  00  00 
007: NOP  00  [10|0010|0000|000] 001100   Code-block-2  04  22  00  00  00  00  00  00 
008: NOP  00  [11|0010|0000|000] 001900   Code-block-3  00  00  00  00  00  00  00  00 
009: NOP  00  [01|0011|0000|000] 000980   Code-block-1  04  40  02  00  00  00  00  00 
010: NOP  00  [10|0011|0000|000] 001180   Code-block-2  04  22  00  00  00  00  00  00 
011: NOP  00  [11|0011|0000|000] 001980   Code-block-3  00  00  00  00  00  00  00  00 
012: NOP  00  [01|0100|0000|000] 000A00   Code-block-1  04  40  02  00  00  00  00  00 
013: NOP  00  [10|0100|0000|000] 001200   Code-block-2  04  22  00  00  00  00  00  00 
014: NOP  00  [11|0100|0000|000] 001A00   Code-block-3  00  00  00  00  00  00  00  00 
015: NOP  00  [01|0101|0000|000] 000A80   Code-block-1  04  40  02  00  00  00  00  00 
016: NOP  00  [10|0101|0000|000] 001280   Code-block-2  04  22  00  00  00  00  00  00 
017: NOP  00  [11|0101|0000|000] 001A80   Code-block-3  00  00  00  00  00  00  00  00 
018: NOP  00  [01|0110|0000|000] 000B00   Code-block-1  04  40  02  00  00  00  00  00 
019: NOP  00  [10|0110|0000|000] 001300   Code-block-2  04  22  00  00  00  00  00  00 
020: NOP  00  [11|0110|0000|000] 001B00   Code-block-3  00  00  00  00  00  00  00  00 
021: NOP  00  [01|0111|0000|000] 000B80   Code-block-1  04  40  02  00  00  00  00  00 
022: NOP  00  [10|0111|0000|000] 001380   Code-block-2  04  22  00  00  00  00  00  00 
023: NOP  00  [11|0111|0000|000] 001B80   Code-block-3  00  00  00  00  00  00  00  00 
024: NOP  00  [01|1000|0000|000] 000C00   Code-block-1  04  40  02  00  00  00  00  00 
025: NOP  00  [10|1000|0000|000] 001400   Code-block-2  04  22  00  00  00  00  00  00 
026: NOP  00  [11|1000|0000|000] 001C00   Code-block-3  00  00  00  00  00  00  00  00 
027: NOP  00  [01|1001|0000|000] 000C80   Code-block-1  04  40  02  00  00  00  00  00 
028: NOP  00  [10|1001|0000|000] 001480   Code-block-2  04  22  00  00  00  00  00  00 
029: NOP  00  [11|1001|0000|000] 001C80   Code-block-3  00  00  00  00  00  00  00  00 
030: NOP  00  [01|1010|0000|000] 000D00   Code-block-1  04  40  02  00  00  00  00  00 
031: NOP  00  [10|1010|0000|000] 001500   Code-block-2  04  22  00  00  00  00  00  00 
032: NOP  00  [11|1010|0000|000] 001D00   Code-block-3  00  00  00  00  00  00  00  00 
033: NOP  00  [01|1011|0000|000] 000D80   Code-block-1  04  40  02  00  00  00  00  00 
034: NOP  00  [10|1011|0000|000] 001580   Code-block-2  04  22  00  00  00  00  00  00 
035: NOP  00  [11|1011|0000|000] 001D80   Code-block-3  00  00  00  00  00  00  00  00 
036: NOP  00  [01|1100|0000|000] 000E00   Code-block-1  04  40  02  00  00  00  00  00 
037: NOP  00  [10|1100|0000|000] 001600   Code-block-2  04  22  00  00  00  00  00  00 
038: NOP  00  [11|1100|0000|000] 001E00   Code-block-3  00  00  00  00  00  00  00  00 
039: NOP  00  [01|1101|0000|000] 000E80   Code-block-1  04  40  02  00  00  00  00  00 
040: NOP  00  [10|1101|0000|000] 001680   Code-block-2  04  22  00  00  00  00  00  00 
041: NOP  00  [11|1101|0000|000] 001E80   Code-block-3  00  00  00  00  00  00  00  00 
042: NOP  00  [01|1110|0000|000] 000F00   Code-block-1  04  40  02  00  00  00  00  00 
043: NOP  00  [10|1110|0000|000] 001700   Code-block-2  04  22  00  00  00  00  00  00 
044: NOP  00  [11|1110|0000|000] 001F00   Code-block-3  00  00  00  00  00  00  00  00 
045: NOP  00  [01|1111|0000|000] 000F80   Code-block-1  04  40  02  00  00  00  00  00 
046: NOP  00  [10|1111|0000|000] 001780   Code-block-2  04  22  00  00  00  00  00  00 
047: NOP  00  [11|1111|0000|000] 001F80   Code-block-3  00  00  00  00  00  00  00  00 
048: LDA  01  [01|0000|0001|000] 000808   Code-block-1  04  40  04  40  02  00  00  00 
049: LDA  01  [10|0000|0001|000] 001008   Code-block-2  04  22  40  00  00  00  00  00 
050: LDA  01  [11|0000|0001|000] 001808   Code-block-3  00  00  00  08  00  00  00  00 
051: LDA  01  [01|0001|0001|000] 000888   Code-block-1  04  40  04  40  02  00  00  00 
052: LDA  01  [10|0001|0001|000] 001088   Code-block-2  04  22  40  00  00  00  00  00 
053: LDA  01  [11|0001|0001|000] 001888   Code-block-3  00  00  00  08  00  00  00  00 
054: LDA  01  [01|0010|0001|000] 000908   Code-block-1  04  40  04  40  02  00  00  00 
055: LDA  01  [10|0010|0001|000] 001108   Code-block-2  04  22  40  00  00  00  00  00 
056: LDA  01  [11|0010|0001|000] 001908   Code-block-3  00  00  00  08  00  00  00  00 
057: LDA  01  [01|0011|0001|000] 000988   Code-block-1  04  40  04  40  02  00  00  00 
058: LDA  01  [10|0011|0001|000] 001188   Code-block-2  04  22  40  00  00  00  00  00 
059: LDA  01  [11|0011|0001|000] 001988   Code-block-3  00  00  00  08  00  00  00  00 
060: LDA  01  [01|0100|0001|000] 000A08   Code-block-1  04  40  04  40  02  00  00  00 
061: LDA  01  [10|0100|0001|000] 001208   Code-block-2  04  22  40  00  00  00  00  00 
062: LDA  01  [11|0100|0001|000] 001A08   Code-block-3  00  00  00  08  00  00  00  00 
063: LDA  01  [01|0101|0001|000] 000A88   Code-block-1  04  40  04  40  02  00  00  00 
064: LDA  01  [10|0101|0001|000] 001288   Code-block-2  04  22  40  00  00  00  00  00 
065: LDA  01  [11|0101|0001|000] 001A88   Code-block-3  00  00  00  08  00  00  00  00 
066: LDA  01  [01|0110|0001|000] 000B08   Code-block-1  04  40  04  40  02  00  00  00 
067: LDA  01  [10|0110|0001|000] 001308   Code-block-2  04  22  40  00  00  00  00  00 
068: LDA  01  [11|0110|0001|000] 001B08   Code-block-3  00  00  00  08  00  00  00  00 
069: LDA  01  [01|0111|0001|000] 000B88   Code-block-1  04  40  04  40  02  00  00  00 
070: LDA  01  [10|0111|0001|000] 001388   Code-block-2  04  22  40  00  00  00  00  00 
071: LDA  01  [11|0111|0001|000] 001B88   Code-block-3  00  00  00  08  00  00  00  00 
072: LDA  01  [01|1000|0001|000] 000C08   Code-block-1  04  40  04  40  02  00  00  00 
073: LDA  01  [10|1000|0001|000] 001408   Code-block-2  04  22  40  00  00  00  00  00 
074: LDA  01  [11|1000|0001|000] 001C08   Code-block-3  00  00  00  08  00  00  00  00 
075: LDA  01  [01|1001|0001|000] 000C88   Code-block-1  04  40  04  40  02  00  00  00 
076: LDA  01  [10|1001|0001|000] 001488   Code-block-2  04  22  40  00  00  00  00  00 
077: LDA  01  [11|1001|0001|000] 001C88   Code-block-3  00  00  00  08  00  00  00  00 
078: LDA  01  [01|1010|0001|000] 000D08   Code-block-1  04  40  04  40  02  00  00  00 
079: LDA  01  [10|1010|0001|000] 001508   Code-block-2  04  22  40  00  00  00  00  00 
080: LDA  01  [11|1010|0001|000] 001D08   Code-block-3  00  00  00  08  00  00  00  00 
081: LDA  01  [01|1011|0001|000] 000D88   Code-block-1  04  40  04  40  02  00  00  00 
082: LDA  01  [10|1011|0001|000] 001588   Code-block-2  04  22  40  00  00  00  00  00 
083: LDA  01  [11|1011|0001|000] 001D88   Code-block-3  00  00  00  08  00  00  00  00 
084: LDA  01  [01|1100|0001|000] 000E08   Code-block-1  04  40  04  40  02  00  00  00 
085: LDA  01  [10|1100|0001|000] 001608   Code-block-2  04  22  40  00  00  00  00  00 
086: LDA  01  [11|1100|0001|000] 001E08   Code-block-3  00  00  00  08  00  00  00  00 
087: LDA  01  [01|1101|0001|000] 000E88   Code-block-1  04  40  04  40  02  00  00  00 
088: LDA  01  [10|1101|0001|000] 001688   Code-block-2  04  22  40  00  00  00  00  00 
089: LDA  01  [11|1101|0001|000] 001E88   Code-block-3  00  00  00  08  00  00  00  00 
090: LDA  01  [01|1110|0001|000] 000F08   Code-block-1  04  40  04  40  02  00  00  00 
091: LDA  01  [10|1110|0001|000] 001708   Code-block-2  04  22  40  00  00  00  00  00 
092: LDA  01  [11|1110|0001|000] 001F08   Code-block-3  00  00  00  08  00  00  00  00 
093: LDA  01  [01|1111|0001|000] 000F88   Code-block-1  04  40  04  40  02  00  00  00 
094: LDA  01  [10|1111|0001|000] 001788   Code-block-2  04  22  40  00  00  00  00  00 
095: LDA  01  [11|1111|0001|000] 001F88   Code-block-3  00  00  00  08  00  00  00  00 
096: ADD  02  [01|0000|0010|000] 000810   Code-block-1  04  40  04  40  00  02  00  00 
097: ADD  02  [10|0000|0010|000] 001010   Code-block-2  04  22  40  00  10  00  00  00 
098: ADD  02  [11|0000|0010|000] 001810   Code-block-3  00  00  00  02  48  00  00  00 
099: ADD  02  [01|0001|0010|000] 000890   Code-block-1  04  40  04  40  00  02  00  00 
100: ADD  02  [10|0001|0010|000] 001090   Code-block-2  04  22  40  00  10  00  00  00 
101: ADD  02  [11|0001|0010|000] 001890   Code-block-3  00  00  00  02  48  00  00  00 
102: ADD  02  [01|0010|0010|000] 000910   Code-block-1  04  40  04  40  00  02  00  00 
103: ADD  02  [10|0010|0010|000] 001110   Code-block-2  04  22  40  00  10  00  00  00 
104: ADD  02  [11|0010|0010|000] 001910   Code-block-3  00  00  00  02  48  00  00  00 
105: ADD  02  [01|0011|0010|000] 000990   Code-block-1  04  40  04  40  00  02  00  00 
106: ADD  02  [10|0011|0010|000] 001190   Code-block-2  04  22  40  00  10  00  00  00 
107: ADD  02  [11|0011|0010|000] 001990   Code-block-3  00  00  00  02  48  00  00  00 
108: ADD  02  [01|0100|0010|000] 000A10   Code-block-1  04  40  04  40  00  02  00  00 
109: ADD  02  [10|0100|0010|000] 001210   Code-block-2  04  22  40  00  10  00  00  00 
110: ADD  02  [11|0100|0010|000] 001A10   Code-block-3  00  00  00  02  48  00  00  00 
111: ADD  02  [01|0101|0010|000] 000A90   Code-block-1  04  40  04  40  00  02  00  00 
112: ADD  02  [10|0101|0010|000] 001290   Code-block-2  04  22  40  00  10  00  00  00 
113: ADD  02  [11|0101|0010|000] 001A90   Code-block-3  00  00  00  02  48  00  00  00 
114: ADD  02  [01|0110|0010|000] 000B10   Code-block-1  04  40  04  40  00  02  00  00 
115: ADD  02  [10|0110|0010|000] 001310   Code-block-2  04  22  40  00  10  00  00  00 
116: ADD  02  [11|0110|0010|000] 001B10   Code-block-3  00  00  00  02  48  00  00  00 
117: ADD  02  [01|0111|0010|000] 000B90   Code-block-1  04  40  04  40  00  02  00  00 
118: ADD  02  [10|0111|0010|000] 001390   Code-block-2  04  22  40  00  10  00  00  00 
119: ADD  02  [11|0111|0010|000] 001B90   Code-block-3  00  00  00  02  48  00  00  00 
120: ADD  02  [01|1000|0010|000] 000C10   Code-block-1  04  40  04  40  00  02  00  00 
121: ADD  02  [10|1000|0010|000] 001410   Code-block-2  04  22  40  00  10  00  00  00 
122: ADD  02  [11|1000|0010|000] 001C10   Code-block-3  00  00  00  02  48  00  00  00 
123: ADD  02  [01|1001|0010|000] 000C90   Code-block-1  04  40  04  40  00  02  00  00 
124: ADD  02  [10|1001|0010|000] 001490   Code-block-2  04  22  40  00  10  00  00  00 
125: ADD  02  [11|1001|0010|000] 001C90   Code-block-3  00  00  00  02  48  00  00  00 
126: ADD  02  [01|1010|0010|000] 000D10   Code-block-1  04  40  04  40  00  02  00  00 
127: ADD  02  [10|1010|0010|000] 001510   Code-block-2  04  22  40  00  10  00  00  00 
128: ADD  02  [11|1010|0010|000] 001D10   Code-block-3  00  00  00  02  48  00  00  00 
129: ADD  02  [01|1011|0010|000] 000D90   Code-block-1  04  40  04  40  00  02  00  00 
130: ADD  02  [10|1011|0010|000] 001590   Code-block-2  04  22  40  00  10  00  00  00 
131: ADD  02  [11|1011|0010|000] 001D90   Code-block-3  00  00  00  02  48  00  00  00 
132: ADD  02  [01|1100|0010|000] 000E10   Code-block-1  04  40  04  40  00  02  00  00 
133: ADD  02  [10|1100|0010|000] 001610   Code-block-2  04  22  40  00  10  00  00  00 
134: ADD  02  [11|1100|0010|000] 001E10   Code-block-3  00  00  00  02  48  00  00  00 
135: ADD  02  [01|1101|0010|000] 000E90   Code-block-1  04  40  04  40  00  02  00  00 
136: ADD  02  [10|1101|0010|000] 001690   Code-block-2  04  22  40  00  10  00  00  00 
137: ADD  02  [11|1101|0010|000] 001E90   Code-block-3  00  00  00  02  48  00  00  00 
138: ADD  02  [01|1110|0010|000] 000F10   Code-block-1  04  40  04  40  00  02  00  00 
139: ADD  02  [10|1110|0010|000] 001710   Code-block-2  04  22  40  00  10  00  00  00 
140: ADD  02  [11|1110|0010|000] 001F10   Code-block-3  00  00  00  02  48  00  00  00 
141: ADD  02  [01|1111|0010|000] 000F90   Code-block-1  04  40  04  40  00  02  00  00 
142: ADD  02  [10|1111|0010|000] 001790   Code-block-2  04  22  40  00  10  00  00  00 
143: ADD  02  [11|1111|0010|000] 001F90   Code-block-3  00  00  00  02  48  00  00  00 
144: SUB  03  [01|0000|0011|000] 000818   Code-block-1  04  40  04  40  00  02  00  00 
145: SUB  03  [10|0000|0011|000] 001018   Code-block-2  04  22  40  00  10  00  00  00 
146: SUB  03  [11|0000|0011|000] 001818   Code-block-3  00  00  00  02  68  00  00  00 
147: SUB  03  [01|0001|0011|000] 000898   Code-block-1  04  40  04  40  00  02  00  00 
148: SUB  03  [10|0001|0011|000] 001098   Code-block-2  04  22  40  00  10  00  00  00 
149: SUB  03  [11|0001|0011|000] 001898   Code-block-3  00  00  00  02  68  00  00  00 
150: SUB  03  [01|0010|0011|000] 000918   Code-block-1  04  40  04  40  00  02  00  00 
151: SUB  03  [10|0010|0011|000] 001118   Code-block-2  04  22  40  00  10  00  00  00 
152: SUB  03  [11|0010|0011|000] 001918   Code-block-3  00  00  00  02  68  00  00  00 
153: SUB  03  [01|0011|0011|000] 000998   Code-block-1  04  40  04  40  00  02  00  00 
154: SUB  03  [10|0011|0011|000] 001198   Code-block-2  04  22  40  00  10  00  00  00 
155: SUB  03  [11|0011|0011|000] 001998   Code-block-3  00  00  00  02  68  00  00  00 
156: SUB  03  [01|0100|0011|000] 000A18   Code-block-1  04  40  04  40  00  02  00  00 
157: SUB  03  [10|0100|0011|000] 001218   Code-block-2  04  22  40  00  10  00  00  00 
158: SUB  03  [11|0100|0011|000] 001A18   Code-block-3  00  00  00  02  68  00  00  00 
159: SUB  03  [01|0101|0011|000] 000A98   Code-block-1  04  40  04  40  00  02  00  00 
160: SUB  03  [10|0101|0011|000] 001298   Code-block-2  04  22  40  00  10  00  00  00 
161: SUB  03  [11|0101|0011|000] 001A98   Code-block-3  00  00  00  02  68  00  00  00 
162: SUB  03  [01|0110|0011|000] 000B18   Code-block-1  04  40  04  40  00  02  00  00 
163: SUB  03  [10|0110|0011|000] 001318   Code-block-2  04  22  40  00  10  00  00  00 
164: SUB  03  [11|0110|0011|000] 001B18   Code-block-3  00  00  00  02  68  00  00  00 
165: SUB  03  [01|0111|0011|000] 000B98   Code-block-1  04  40  04  40  00  02  00  00 
166: SUB  03  [10|0111|0011|000] 001398   Code-block-2  04  22  40  00  10  00  00  00 
167: SUB  03  [11|0111|0011|000] 001B98   Code-block-3  00  00  00  02  68  00  00  00 
168: SUB  03  [01|1000|0011|000] 000C18   Code-block-1  04  40  04  40  00  02  00  00 
169: SUB  03  [10|1000|0011|000] 001418   Code-block-2  04  22  40  00  10  00  00  00 
170: SUB  03  [11|1000|0011|000] 001C18   Code-block-3  00  00  00  02  68  00  00  00 
171: SUB  03  [01|1001|0011|000] 000C98   Code-block-1  04  40  04  40  00  02  00  00 
172: SUB  03  [10|1001|0011|000] 001498   Code-block-2  04  22  40  00  10  00  00  00 
173: SUB  03  [11|1001|0011|000] 001C98   Code-block-3  00  00  00  02  68  00  00  00 
174: SUB  03  [01|1010|0011|000] 000D18   Code-block-1  04  40  04  40  00  02  00  00 
175: SUB  03  [10|1010|0011|000] 001518   Code-block-2  04  22  40  00  10  00  00  00 
176: SUB  03  [11|1010|0011|000] 001D18   Code-block-3  00  00  00  02  68  00  00  00 
177: SUB  03  [01|1011|0011|000] 000D98   Code-block-1  04  40  04  40  00  02  00  00 
178: SUB  03  [10|1011|0011|000] 001598   Code-block-2  04  22  40  00  10  00  00  00 
179: SUB  03  [11|1011|0011|000] 001D98   Code-block-3  00  00  00  02  68  00  00  00 
180: SUB  03  [01|1100|0011|000] 000E18   Code-block-1  04  40  04  40  00  02  00  00 
181: SUB  03  [10|1100|0011|000] 001618   Code-block-2  04  22  40  00  10  00  00  00 
182: SUB  03  [11|1100|0011|000] 001E18   Code-block-3  00  00  00  02  68  00  00  00 
183: SUB  03  [01|1101|0011|000] 000E98   Code-block-1  04  40  04  40  00  02  00  00 
184: SUB  03  [10|1101|0011|000] 001698   Code-block-2  04  22  40  00  10  00  00  00 
185: SUB  03  [11|1101|0011|000] 001E98   Code-block-3  00  00  00  02  68  00  00  00 
186: SUB  03  [01|1110|0011|000] 000F18   Code-block-1  04  40  04  40  00  02  00  00 
187: SUB  03  [10|1110|0011|000] 001718   Code-block-2  04  22  40  00  10  00  00  00 
188: SUB  03  [11|1110|0011|000] 001F18   Code-block-3  00  00  00  02  68  00  00  00 
189: SUB  03  [01|1111|0011|000] 000F98   Code-block-1  04  40  04  40  00  02  00  00 
190: SUB  03  [10|1111|0011|000] 001798   Code-block-2  04  22  40  00  10  00  00  00 
191: SUB  03  [11|1111|0011|000] 001F98   Code-block-3  00  00  00  02  68  00  00  00 
192: STA  04  [01|0000|0100|000] 000820   Code-block-1  04  40  04  20  02  00  00  00 
193: STA  04  [10|0000|0100|000] 001020   Code-block-2  04  22  40  00  00  00  00  00 
194: STA  04  [11|0000|0100|000] 001820   Code-block-3  00  00  00  10  00  00  00  00 
195: STA  04  [01|0001|0100|000] 0008A0   Code-block-1  04  40  04  20  02  00  00  00 
196: STA  04  [10|0001|0100|000] 0010A0   Code-block-2  04  22  40  00  00  00  00  00 
197: STA  04  [11|0001|0100|000] 0018A0   Code-block-3  00  00  00  10  00  00  00  00 
198: STA  04  [01|0010|0100|000] 000920   Code-block-1  04  40  04  20  02  00  00  00 
199: STA  04  [10|0010|0100|000] 001120   Code-block-2  04  22  40  00  00  00  00  00 
200: STA  04  [11|0010|0100|000] 001920   Code-block-3  00  00  00  10  00  00  00  00 
201: STA  04  [01|0011|0100|000] 0009A0   Code-block-1  04  40  04  20  02  00  00  00 
202: STA  04  [10|0011|0100|000] 0011A0   Code-block-2  04  22  40  00  00  00  00  00 
203: STA  04  [11|0011|0100|000] 0019A0   Code-block-3  00  00  00  10  00  00  00  00 
204: STA  04  [01|0100|0100|000] 000A20   Code-block-1  04  40  04  20  02  00  00  00 
205: STA  04  [10|0100|0100|000] 001220   Code-block-2  04  22  40  00  00  00  00  00 
206: STA  04  [11|0100|0100|000] 001A20   Code-block-3  00  00  00  10  00  00  00  00 
207: STA  04  [01|0101|0100|000] 000AA0   Code-block-1  04  40  04  20  02  00  00  00 
208: STA  04  [10|0101|0100|000] 0012A0   Code-block-2  04  22  40  00  00  00  00  00 
209: STA  04  [11|0101|0100|000] 001AA0   Code-block-3  00  00  00  10  00  00  00  00 
210: STA  04  [01|0110|0100|000] 000B20   Code-block-1  04  40  04  20  02  00  00  00 
211: STA  04  [10|0110|0100|000] 001320   Code-block-2  04  22  40  00  00  00  00  00 
212: STA  04  [11|0110|0100|000] 001B20   Code-block-3  00  00  00  10  00  00  00  00 
213: STA  04  [01|0111|0100|000] 000BA0   Code-block-1  04  40  04  20  02  00  00  00 
214: STA  04  [10|0111|0100|000] 0013A0   Code-block-2  04  22  40  00  00  00  00  00 
215: STA  04  [11|0111|0100|000] 001BA0   Code-block-3  00  00  00  10  00  00  00  00 
216: STA  04  [01|1000|0100|000] 000C20   Code-block-1  04  40  04  20  02  00  00  00 
217: STA  04  [10|1000|0100|000] 001420   Code-block-2  04  22  40  00  00  00  00  00 
218: STA  04  [11|1000|0100|000] 001C20   Code-block-3  00  00  00  10  00  00  00  00 
219: STA  04  [01|1001|0100|000] 000CA0   Code-block-1  04  40  04  20  02  00  00  00 
220: STA  04  [10|1001|0100|000] 0014A0   Code-block-2  04  22  40  00  00  00  00  00 
221: STA  04  [11|1001|0100|000] 001CA0   Code-block-3  00  00  00  10  00  00  00  00 
222: STA  04  [01|1010|0100|000] 000D20   Code-block-1  04  40  04  20  02  00  00  00 
223: STA  04  [10|1010|0100|000] 001520   Code-block-2  04  22  40  00  00  00  00  00 
224: STA  04  [11|1010|0100|000] 001D20   Code-block-3  00  00  00  10  00  00  00  00 
225: STA  04  [01|1011|0100|000] 000DA0   Code-block-1  04  40  04  20  02  00  00  00 
226: STA  04  [10|1011|0100|000] 0015A0   Code-block-2  04  22  40  00  00  00  00  00 
227: STA  04  [11|1011|0100|000] 001DA0   Code-block-3  00  00  00  10  00  00  00  00 
228: STA  04  [01|1100|0100|000] 000E20   Code-block-1  04  40  04  20  02  00  00  00 
229: STA  04  [10|1100|0100|000] 001620   Code-block-2  04  22  40  00  00  00  00  00 
230: STA  04  [11|1100|0100|000] 001E20   Code-block-3  00  00  00  10  00  00  00  00 
231: STA  04  [01|1101|0100|000] 000EA0   Code-block-1  04  40  04  20  02  00  00  00 
232: STA  04  [10|1101|0100|000] 0016A0   Code-block-2  04  22  40  00  00  00  00  00 
233: STA  04  [11|1101|0100|000] 001EA0   Code-block-3  00  00  00  10  00  00  00  00 
234: STA  04  [01|1110|0100|000] 000F20   Code-block-1  04  40  04  20  02  00  00  00 
235: STA  04  [10|1110|0100|000] 001720   Code-block-2  04  22  40  00  00  00  00  00 
236: STA  04  [11|1110|0100|000] 001F20   Code-block-3  00  00  00  10  00  00  00  00 
237: STA  04  [01|1111|0100|000] 000FA0   Code-block-1  04  40  04  20  02  00  00  00 
238: STA  04  [10|1111|0100|000] 0017A0   Code-block-2  04  22  40  00  00  00  00  00 
239: STA  04  [11|1111|0100|000] 001FA0   Code-block-3  00  00  00  10  00  00  00  00 
240: LDI  05  [01|0000|0101|000] 000828   Code-block-1  04  40  00  02  00  00  00  00 
241: LDI  05  [10|0000|0101|000] 001028   Code-block-2  04  22  40  00  00  00  00  00 
242: LDI  05  [11|0000|0101|000] 001828   Code-block-3  00  00  08  00  00  00  00  00 
243: LDI  05  [01|0001|0101|000] 0008A8   Code-block-1  04  40  00  02  00  00  00  00 
244: LDI  05  [10|0001|0101|000] 0010A8   Code-block-2  04  22  40  00  00  00  00  00 
245: LDI  05  [11|0001|0101|000] 0018A8   Code-block-3  00  00  08  00  00  00  00  00 
246: LDI  05  [01|0010|0101|000] 000928   Code-block-1  04  40  00  02  00  00  00  00 
247: LDI  05  [10|0010|0101|000] 001128   Code-block-2  04  22  40  00  00  00  00  00 
248: LDI  05  [11|0010|0101|000] 001928   Code-block-3  00  00  08  00  00  00  00  00 
249: LDI  05  [01|0011|0101|000] 0009A8   Code-block-1  04  40  00  02  00  00  00  00 
250: LDI  05  [10|0011|0101|000] 0011A8   Code-block-2  04  22  40  00  00  00  00  00 
251: LDI  05  [11|0011|0101|000] 0019A8   Code-block-3  00  00  08  00  00  00  00  00 
252: LDI  05  [01|0100|0101|000] 000A28   Code-block-1  04  40  00  02  00  00  00  00 
253: LDI  05  [10|0100|0101|000] 001228   Code-block-2  04  22  40  00  00  00  00  00 
254: LDI  05  [11|0100|0101|000] 001A28   Code-block-3  00  00  08  00  00  00  00  00 
255: LDI  05  [01|0101|0101|000] 000AA8   Code-block-1  04  40  00  02  00  00  00  00 
256: LDI  05  [10|0101|0101|000] 0012A8   Code-block-2  04  22  40  00  00  00  00  00 
257: LDI  05  [11|0101|0101|000] 001AA8   Code-block-3  00  00  08  00  00  00  00  00 
258: LDI  05  [01|0110|0101|000] 000B28   Code-block-1  04  40  00  02  00  00  00  00 
259: LDI  05  [10|0110|0101|000] 001328   Code-block-2  04  22  40  00  00  00  00  00 
260: LDI  05  [11|0110|0101|000] 001B28   Code-block-3  00  00  08  00  00  00  00  00 
261: LDI  05  [01|0111|0101|000] 000BA8   Code-block-1  04  40  00  02  00  00  00  00 
262: LDI  05  [10|0111|0101|000] 0013A8   Code-block-2  04  22  40  00  00  00  00  00 
263: LDI  05  [11|0111|0101|000] 001BA8   Code-block-3  00  00  08  00  00  00  00  00 
264: LDI  05  [01|1000|0101|000] 000C28   Code-block-1  04  40  00  02  00  00  00  00 
265: LDI  05  [10|1000|0101|000] 001428   Code-block-2  04  22  40  00  00  00  00  00 
266: LDI  05  [11|1000|0101|000] 001C28   Code-block-3  00  00  08  00  00  00  00  00 
267: LDI  05  [01|1001|0101|000] 000CA8   Code-block-1  04  40  00  02  00  00  00  00 
268: LDI  05  [10|1001|0101|000] 0014A8   Code-block-2  04  22  40  00  00  00  00  00 
269: LDI  05  [11|1001|0101|000] 001CA8   Code-block-3  00  00  08  00  00  00  00  00 
270: LDI  05  [01|1010|0101|000] 000D28   Code-block-1  04  40  00  02  00  00  00  00 
271: LDI  05  [10|1010|0101|000] 001528   Code-block-2  04  22  40  00  00  00  00  00 
272: LDI  05  [11|1010|0101|000] 001D28   Code-block-3  00  00  08  00  00  00  00  00 
273: LDI  05  [01|1011|0101|000] 000DA8   Code-block-1  04  40  00  02  00  00  00  00 
274: LDI  05  [10|1011|0101|000] 0015A8   Code-block-2  04  22  40  00  00  00  00  00 
275: LDI  05  [11|1011|0101|000] 001DA8   Code-block-3  00  00  08  00  00  00  00  00 
276: LDI  05  [01|1100|0101|000] 000E28   Code-block-1  04  40  00  02  00  00  00  00 
277: LDI  05  [10|1100|0101|000] 001628   Code-block-2  04  22  40  00  00  00  00  00 
278: LDI  05  [11|1100|0101|000] 001E28   Code-block-3  00  00  08  00  00  00  00  00 
279: LDI  05  [01|1101|0101|000] 000EA8   Code-block-1  04  40  00  02  00  00  00  00 
280: LDI  05  [10|1101|0101|000] 0016A8   Code-block-2  04  22  40  00  00  00  00  00 
281: LDI  05  [11|1101|0101|000] 001EA8   Code-block-3  00  00  08  00  00  00  00  00 
282: LDI  05  [01|1110|0101|000] 000F28   Code-block-1  04  40  00  02  00  00  00  00 
283: LDI  05  [10|1110|0101|000] 001728   Code-block-2  04  22  40  00  00  00  00  00 
284: LDI  05  [11|1110|0101|000] 001F28   Code-block-3  00  00  08  00  00  00  00  00 
285: LDI  05  [01|1111|0101|000] 000FA8   Code-block-1  04  40  00  02  00  00  00  00 
286: LDI  05  [10|1111|0101|000] 0017A8   Code-block-2  04  22  40  00  00  00  00  00 
287: LDI  05  [11|1111|0101|000] 001FA8   Code-block-3  00  00  08  00  00  00  00  00 
288: JMP  06  [01|0000|0110|000] 000830   Code-block-1  04  40  00  02  00  00  00  00 
289: JMP  06  [10|0000|0110|000] 001030   Code-block-2  04  22  48  00  00  00  00  00 
290: JMP  06  [11|0000|0110|000] 001830   Code-block-3  00  00  00  00  00  00  00  00 
291: JMP  06  [01|0001|0110|000] 0008B0   Code-block-1  04  40  00  02  00  00  00  00 
292: JMP  06  [10|0001|0110|000] 0010B0   Code-block-2  04  22  48  00  00  00  00  00 
293: JMP  06  [11|0001|0110|000] 0018B0   Code-block-3  00  00  00  00  00  00  00  00 
294: JMP  06  [01|0010|0110|000] 000930   Code-block-1  04  40  00  02  00  00  00  00 
295: JMP  06  [10|0010|0110|000] 001130   Code-block-2  04  22  48  00  00  00  00  00 
296: JMP  06  [11|0010|0110|000] 001930   Code-block-3  00  00  00  00  00  00  00  00 
297: JMP  06  [01|0011|0110|000] 0009B0   Code-block-1  04  40  00  02  00  00  00  00 
298: JMP  06  [10|0011|0110|000] 0011B0   Code-block-2  04  22  48  00  00  00  00  00 
299: JMP  06  [11|0011|0110|000] 0019B0   Code-block-3  00  00  00  00  00  00  00  00 
300: JMP  06  [01|0100|0110|000] 000A30   Code-block-1  04  40  00  02  00  00  00  00 
301: JMP  06  [10|0100|0110|000] 001230   Code-block-2  04  22  48  00  00  00  00  00 
302: JMP  06  [11|0100|0110|000] 001A30   Code-block-3  00  00  00  00  00  00  00  00 
303: JMP  06  [01|0101|0110|000] 000AB0   Code-block-1  04  40  00  02  00  00  00  00 
304: JMP  06  [10|0101|0110|000] 0012B0   Code-block-2  04  22  48  00  00  00  00  00 
305: JMP  06  [11|0101|0110|000] 001AB0   Code-block-3  00  00  00  00  00  00  00  00 
306: JMP  06  [01|0110|0110|000] 000B30   Code-block-1  04  40  00  02  00  00  00  00 
307: JMP  06  [10|0110|0110|000] 001330   Code-block-2  04  22  48  00  00  00  00  00 
308: JMP  06  [11|0110|0110|000] 001B30   Code-block-3  00  00  00  00  00  00  00  00 
309: JMP  06  [01|0111|0110|000] 000BB0   Code-block-1  04  40  00  02  00  00  00  00 
310: JMP  06  [10|0111|0110|000] 0013B0   Code-block-2  04  22  48  00  00  00  00  00 
311: JMP  06  [11|0111|0110|000] 001BB0   Code-block-3  00  00  00  00  00  00  00  00 
312: JMP  06  [01|1000|0110|000] 000C30   Code-block-1  04  40  00  02  00  00  00  00 
313: JMP  06  [10|1000|0110|000] 001430   Code-block-2  04  22  48  00  00  00  00  00 
314: JMP  06  [11|1000|0110|000] 001C30   Code-block-3  00  00  00  00  00  00  00  00 
315: JMP  06  [01|1001|0110|000] 000CB0   Code-block-1  04  40  00  02  00  00  00  00 
316: JMP  06  [10|1001|0110|000] 0014B0   Code-block-2  04  22  48  00  00  00  00  00 
317: JMP  06  [11|1001|0110|000] 001CB0   Code-block-3  00  00  00  00  00  00  00  00 
318: JMP  06  [01|1010|0110|000] 000D30   Code-block-1  04  40  00  02  00  00  00  00 
319: JMP  06  [10|1010|0110|000] 001530   Code-block-2  04  22  48  00  00  00  00  00 
320: JMP  06  [11|1010|0110|000] 001D30   Code-block-3  00  00  00  00  00  00  00  00 
321: JMP  06  [01|1011|0110|000] 000DB0   Code-block-1  04  40  00  02  00  00  00  00 
322: JMP  06  [10|1011|0110|000] 0015B0   Code-block-2  04  22  48  00  00  00  00  00 
323: JMP  06  [11|1011|0110|000] 001DB0   Code-block-3  00  00  00  00  00  00  00  00 
324: JMP  06  [01|1100|0110|000] 000E30   Code-block-1  04  40  00  02  00  00  00  00 
325: JMP  06  [10|1100|0110|000] 001630   Code-block-2  04  22  48  00  00  00  00  00 
326: JMP  06  [11|1100|0110|000] 001E30   Code-block-3  00  00  00  00  00  00  00  00 
327: JMP  06  [01|1101|0110|000] 000EB0   Code-block-1  04  40  00  02  00  00  00  00 
328: JMP  06  [10|1101|0110|000] 0016B0   Code-block-2  04  22  48  00  00  00  00  00 
329: JMP  06  [11|1101|0110|000] 001EB0   Code-block-3  00  00  00  00  00  00  00  00 
330: JMP  06  [01|1110|0110|000] 000F30   Code-block-1  04  40  00  02  00  00  00  00 
331: JMP  06  [10|1110|0110|000] 001730   Code-block-2  04  22  48  00  00  00  00  00 
332: JMP  06  [11|1110|0110|000] 001F30   Code-block-3  00  00  00  00  00  00  00  00 
333: JMP  06  [01|1111|0110|000] 000FB0   Code-block-1  04  40  00  02  00  00  00  00 
334: JMP  06  [10|1111|0110|000] 0017B0   Code-block-2  04  22  48  00  00  00  00  00 
335: JMP  06  [11|1111|0110|000] 001FB0   Code-block-3  00  00  00  00  00  00  00  00 
336: JC   07  [01|0000|0111|000] 000838    Off-block-1  04  40  02  00  00  00  00  00 
337: JC   07  [10|0000|0111|000] 001038    Off-block-2  04  22  00  00  00  00  00  00 
338: JC   07  [11|0000|0111|000] 001838    Off-block-3  00  00  00  00  00  00  00  00 
339: JC   07  [01|0001|0111|000] 0008B8    Off-block-1  04  40  02  00  00  00  00  00 
340: JC   07  [10|0001|0111|000] 0010B8    Off-block-2  04  22  00  00  00  00  00  00 
341: JC   07  [11|0001|0111|000] 0018B8    Off-block-3  00  00  00  00  00  00  00  00 
342: JC   07  [01|0010|0111|000] 000938    Off-block-1  04  40  02  00  00  00  00  00 
343: JC   07  [10|0010|0111|000] 001138    Off-block-2  04  22  00  00  00  00  00  00 
344: JC   07  [11|0010|0111|000] 001938    Off-block-3  00  00  00  00  00  00  00  00 
345: JC   07  [01|0011|0111|000] 0009B8    Off-block-1  04  40  02  00  00  00  00  00 
346: JC   07  [10|0011|0111|000] 0011B8    Off-block-2  04  22  00  00  00  00  00  00 
347: JC   07  [11|0011|0111|000] 0019B8    Off-block-3  00  00  00  00  00  00  00  00 
348: JC   07  [01|0100|0111|000] 000A38    Off-block-1  04  40  02  00  00  00  00  00 
349: JC   07  [10|0100|0111|000] 001238    Off-block-2  04  22  00  00  00  00  00  00 
350: JC   07  [11|0100|0111|000] 001A38    Off-block-3  00  00  00  00  00  00  00  00 
351: JC   07  [01|0101|0111|000] 000AB8    Off-block-1  04  40  02  00  00  00  00  00 
352: JC   07  [10|0101|0111|000] 0012B8    Off-block-2  04  22  00  00  00  00  00  00 
353: JC   07  [11|0101|0111|000] 001AB8    Off-block-3  00  00  00  00  00  00  00  00 
354: JC   07  [01|0110|0111|000] 000B38    Off-block-1  04  40  02  00  00  00  00  00 
355: JC   07  [10|0110|0111|000] 001338    Off-block-2  04  22  00  00  00  00  00  00 
356: JC   07  [11|0110|0111|000] 001B38    Off-block-3  00  00  00  00  00  00  00  00 
357: JC   07  [01|0111|0111|000] 000BB8    Off-block-1  04  40  02  00  00  00  00  00 
358: JC   07  [10|0111|0111|000] 0013B8    Off-block-2  04  22  00  00  00  00  00  00 
359: JC   07  [11|0111|0111|000] 001BB8    Off-block-3  00  00  00  00  00  00  00  00 
360: JC   07  [01|1000|0111|000] 000C38   Code-block-1  04  40  00  02  00  00  00  00 
361: JC   07  [10|1000|0111|000] 001438   Code-block-2  04  22  48  00  00  00  00  00 
362: JC   07  [11|1000|0111|000] 001C38   Code-block-3  00  00  00  00  00  00  00  00 
363: JC   07  [01|1001|0111|000] 000CB8   Code-block-1  04  40  00  02  00  00  00  00 
364: JC   07  [10|1001|0111|000] 0014B8   Code-block-2  04  22  48  00  00  00  00  00 
365: JC   07  [11|1001|0111|000] 001CB8   Code-block-3  00  00  00  00  00  00  00  00 
366: JC   07  [01|1010|0111|000] 000D38   Code-block-1  04  40  00  02  00  00  00  00 
367: JC   07  [10|1010|0111|000] 001538   Code-block-2  04  22  48  00  00  00  00  00 
368: JC   07  [11|1010|0111|000] 001D38   Code-block-3  00  00  00  00  00  00  00  00 
369: JC   07  [01|1011|0111|000] 000DB8   Code-block-1  04  40  00  02  00  00  00  00 
370: JC   07  [10|1011|0111|000] 0015B8   Code-block-2  04  22  48  00  00  00  00  00 
371: JC   07  [11|1011|0111|000] 001DB8   Code-block-3  00  00  00  00  00  00  00  00 
372: JC   07  [01|1100|0111|000] 000E38   Code-block-1  04  40  00  02  00  00  00  00 
373: JC   07  [10|1100|0111|000] 001638   Code-block-2  04  22  48  00  00  00  00  00 
374: JC   07  [11|1100|0111|000] 001E38   Code-block-3  00  00  00  00  00  00  00  00 
375: JC   07  [01|1101|0111|000] 000EB8   Code-block-1  04  40  00  02  00  00  00  00 
376: JC   07  [10|1101|0111|000] 0016B8   Code-block-2  04  22  48  00  00  00  00  00 
377: JC   07  [11|1101|0111|000] 001EB8   Code-block-3  00  00  00  00  00  00  00  00 
378: JC   07  [01|1110|0111|000] 000F38   Code-block-1  04  40  00  02  00  00  00  00 
379: JC   07  [10|1110|0111|000] 001738   Code-block-2  04  22  48  00  00  00  00  00 
380: JC   07  [11|1110|0111|000] 001F38   Code-block-3  00  00  00  00  00  00  00  00 
381: JC   07  [01|1111|0111|000] 000FB8   Code-block-1  04  40  00  02  00  00  00  00 
382: JC   07  [10|1111|0111|000] 0017B8   Code-block-2  04  22  48  00  00  00  00  00 
383: JC   07  [11|1111|0111|000] 001FB8   Code-block-3  00  00  00  00  00  00  00  00 
384: JZ   08  [01|0000|1000|000] 000840    Off-block-1  04  40  02  00  00  00  00  00 
385: JZ   08  [10|0000|1000|000] 001040    Off-block-2  04  22  00  00  00  00  00  00 
386: JZ   08  [11|0000|1000|000] 001840    Off-block-3  00  00  00  00  00  00  00  00 
387: JZ   08  [01|0001|1000|000] 0008C0    Off-block-1  04  40  02  00  00  00  00  00 
388: JZ   08  [10|0001|1000|000] 0010C0    Off-block-2  04  22  00  00  00  00  00  00 
389: JZ   08  [11|0001|1000|000] 0018C0    Off-block-3  00  00  00  00  00  00  00  00 
390: JZ   08  [01|0010|1000|000] 000940   Code-block-1  04  40  00  02  00  00  00  00 
391: JZ   08  [10|0010|1000|000] 001140   Code-block-2  04  22  48  00  00  00  00  00 
392: JZ   08  [11|0010|1000|000] 001940   Code-block-3  00  00  00  00  00  00  00  00 
393: JZ   08  [01|0011|1000|000] 0009C0   Code-block-1  04  40  00  02  00  00  00  00 
394: JZ   08  [10|0011|1000|000] 0011C0   Code-block-2  04  22  48  00  00  00  00  00 
395: JZ   08  [11|0011|1000|000] 0019C0   Code-block-3  00  00  00  00  00  00  00  00 
396: JZ   08  [01|0100|1000|000] 000A40    Off-block-1  04  40  02  00  00  00  00  00 
397: JZ   08  [10|0100|1000|000] 001240    Off-block-2  04  22  00  00  00  00  00  00 
398: JZ   08  [11|0100|1000|000] 001A40    Off-block-3  00  00  00  00  00  00  00  00 
399: JZ   08  [01|0101|1000|000] 000AC0    Off-block-1  04  40  02  00  00  00  00  00 
400: JZ   08  [10|0101|1000|000] 0012C0    Off-block-2  04  22  00  00  00  00  00  00 
401: JZ   08  [11|0101|1000|000] 001AC0    Off-block-3  00  00  00  00  00  00  00  00 
402: JZ   08  [01|0110|1000|000] 000B40   Code-block-1  04  40  00  02  00  00  00  00 
403: JZ   08  [10|0110|1000|000] 001340   Code-block-2  04  22  48  00  00  00  00  00 
404: JZ   08  [11|0110|1000|000] 001B40   Code-block-3  00  00  00  00  00  00  00  00 
405: JZ   08  [01|0111|1000|000] 000BC0   Code-block-1  04  40  00  02  00  00  00  00 
406: JZ   08  [10|0111|1000|000] 0013C0   Code-block-2  04  22  48  00  00  00  00  00 
407: JZ   08  [11|0111|1000|000] 001BC0   Code-block-3  00  00  00  00  00  00  00  00 
408: JZ   08  [01|1000|1000|000] 000C40    Off-block-1  04  40  02  00  00  00  00  00 
409: JZ   08  [10|1000|1000|000] 001440    Off-block-2  04  22  00  00  00  00  00  00 
410: JZ   08  [11|1000|1000|000] 001C40    Off-block-3  00  00  00  00  00  00  00  00 
411: JZ   08  [01|1001|1000|000] 000CC0    Off-block-1  04  40  02  00  00  00  00  00 
412: JZ   08  [10|1001|1000|000] 0014C0    Off-block-2  04  22  00  00  00  00  00  00 
413: JZ   08  [11|1001|1000|000] 001CC0    Off-block-3  00  00  00  00  00  00  00  00 
414: JZ   08  [01|1010|1000|000] 000D40   Code-block-1  04  40  00  02  00  00  00  00 
415: JZ   08  [10|1010|1000|000] 001540   Code-block-2  04  22  48  00  00  00  00  00 
416: JZ   08  [11|1010|1000|000] 001D40   Code-block-3  00  00  00  00  00  00  00  00 
417: JZ   08  [01|1011|1000|000] 000DC0   Code-block-1  04  40  00  02  00  00  00  00 
418: JZ   08  [10|1011|1000|000] 0015C0   Code-block-2  04  22  48  00  00  00  00  00 
419: JZ   08  [11|1011|1000|000] 001DC0   Code-block-3  00  00  00  00  00  00  00  00 
420: JZ   08  [01|1100|1000|000] 000E40    Off-block-1  04  40  02  00  00  00  00  00 
421: JZ   08  [10|1100|1000|000] 001640    Off-block-2  04  22  00  00  00  00  00  00 
422: JZ   08  [11|1100|1000|000] 001E40    Off-block-3  00  00  00  00  00  00  00  00 
423: JZ   08  [01|1101|1000|000] 000EC0    Off-block-1  04  40  02  00  00  00  00  00 
424: JZ   08  [10|1101|1000|000] 0016C0    Off-block-2  04  22  00  00  00  00  00  00 
425: JZ   08  [11|1101|1000|000] 001EC0    Off-block-3  00  00  00  00  00  00  00  00 
426: JZ   08  [01|1110|1000|000] 000F40   Code-block-1  04  40  00  02  00  00  00  00 
427: JZ   08  [10|1110|1000|000] 001740   Code-block-2  04  22  48  00  00  00  00  00 
428: JZ   08  [11|1110|1000|000] 001F40   Code-block-3  00  00  00  00  00  00  00  00 
429: JZ   08  [01|1111|1000|000] 000FC0   Code-block-1  04  40  00  02  00  00  00  00 
430: JZ   08  [10|1111|1000|000] 0017C0   Code-block-2  04  22  48  00  00  00  00  00 
431: JZ   08  [11|1111|1000|000] 001FC0   Code-block-3  00  00  00  00  00  00  00  00 
432: JNZ  09  [01|0000|1001|000] 000848   Code-block-1  04  40  00  02  00  00  00  00 
433: JNZ  09  [10|0000|1001|000] 001048   Code-block-2  04  22  48  00  00  00  00  00 
434: JNZ  09  [11|0000|1001|000] 001848   Code-block-3  00  00  00  00  00  00  00  00 
435: JNZ  09  [01|0001|1001|000] 0008C8   Code-block-1  04  40  00  02  00  00  00  00 
436: JNZ  09  [10|0001|1001|000] 0010C8   Code-block-2  04  22  48  00  00  00  00  00 
437: JNZ  09  [11|0001|1001|000] 0018C8   Code-block-3  00  00  00  00  00  00  00  00 
438: JNZ  09  [01|0010|1001|000] 000948    Off-block-1  04  40  02  00  00  00  00  00 
439: JNZ  09  [10|0010|1001|000] 001148    Off-block-2  04  22  00  00  00  00  00  00 
440: JNZ  09  [11|0010|1001|000] 001948    Off-block-3  00  00  00  00  00  00  00  00 
441: JNZ  09  [01|0011|1001|000] 0009C8    Off-block-1  04  40  02  00  00  00  00  00 
442: JNZ  09  [10|0011|1001|000] 0011C8    Off-block-2  04  22  00  00  00  00  00  00 
443: JNZ  09  [11|0011|1001|000] 0019C8    Off-block-3  00  00  00  00  00  00  00  00 
444: JNZ  09  [01|0100|1001|000] 000A48   Code-block-1  04  40  00  02  00  00  00  00 
445: JNZ  09  [10|0100|1001|000] 001248   Code-block-2  04  22  48  00  00  00  00  00 
446: JNZ  09  [11|0100|1001|000] 001A48   Code-block-3  00  00  00  00  00  00  00  00 
447: JNZ  09  [01|0101|1001|000] 000AC8   Code-block-1  04  40  00  02  00  00  00  00 
448: JNZ  09  [10|0101|1001|000] 0012C8   Code-block-2  04  22  48  00  00  00  00  00 
449: JNZ  09  [11|0101|1001|000] 001AC8   Code-block-3  00  00  00  00  00  00  00  00 
450: JNZ  09  [01|0110|1001|000] 000B48    Off-block-1  04  40  02  00  00  00  00  00 
451: JNZ  09  [10|0110|1001|000] 001348    Off-block-2  04  22  00  00  00  00  00  00 
452: JNZ  09  [11|0110|1001|000] 001B48    Off-block-3  00  00  00  00  00  00  00  00 
453: JNZ  09  [01|0111|1001|000] 000BC8    Off-block-1  04  40  02  00  00  00  00  00 
454: JNZ  09  [10|0111|1001|000] 0013C8    Off-block-2  04  22  00  00  00  00  00  00 
455: JNZ  09  [11|0111|1001|000] 001BC8    Off-block-3  00  00  00  00  00  00  00  00 
456: JNZ  09  [01|1000|1001|000] 000C48   Code-block-1  04  40  00  02  00  00  00  00 
457: JNZ  09  [10|1000|1001|000] 001448   Code-block-2  04  22  48  00  00  00  00  00 
458: JNZ  09  [11|1000|1001|000] 001C48   Code-block-3  00  00  00  00  00  00  00  00 
459: JNZ  09  [01|1001|1001|000] 000CC8   Code-block-1  04  40  00  02  00  00  00  00 
460: JNZ  09  [10|1001|1001|000] 0014C8   Code-block-2  04  22  48  00  00  00  00  00 
461: JNZ  09  [11|1001|1001|000] 001CC8   Code-block-3  00  00  00  00  00  00  00  00 
462: JNZ  09  [01|1010|1001|000] 000D48    Off-block-1  04  40  02  00  00  00  00  00 
463: JNZ  09  [10|1010|1001|000] 001548    Off-block-2  04  22  00  00  00  00  00  00 
464: JNZ  09  [11|1010|1001|000] 001D48    Off-block-3  00  00  00  00  00  00  00  00 
465: JNZ  09  [01|1011|1001|000] 000DC8    Off-block-1  04  40  02  00  00  00  00  00 
466: JNZ  09  [10|1011|1001|000] 0015C8    Off-block-2  04  22  00  00  00  00  00  00 
467: JNZ  09  [11|1011|1001|000] 001DC8    Off-block-3  00  00  00  00  00  00  00  00 
468: JNZ  09  [01|1100|1001|000] 000E48   Code-block-1  04  40  00  02  00  00  00  00 
469: JNZ  09  [10|1100|1001|000] 001648   Code-block-2  04  22  48  00  00  00  00  00 
470: JNZ  09  [11|1100|1001|000] 001E48   Code-block-3  00  00  00  00  00  00  00  00 
471: JNZ  09  [01|1101|1001|000] 000EC8   Code-block-1  04  40  00  02  00  00  00  00 
472: JNZ  09  [10|1101|1001|000] 0016C8   Code-block-2  04  22  48  00  00  00  00  00 
473: JNZ  09  [11|1101|1001|000] 001EC8   Code-block-3  00  00  00  00  00  00  00  00 
474: JNZ  09  [01|1110|1001|000] 000F48    Off-block-1  04  40  02  00  00  00  00  00 
475: JNZ  09  [10|1110|1001|000] 001748    Off-block-2  04  22  00  00  00  00  00  00 
476: JNZ  09  [11|1110|1001|000] 001F48    Off-block-3  00  00  00  00  00  00  00  00 
477: JNZ  09  [01|1111|1001|000] 000FC8    Off-block-1  04  40  02  00  00  00  00  00 
478: JNZ  09  [10|1111|1001|000] 0017C8    Off-block-2  04  22  00  00  00  00  00  00 
479: JNZ  09  [11|1111|1001|000] 001FC8    Off-block-3  00  00  00  00  00  00  00  00 
480: MBA  0A  [01|0000|1010|000] 000850   Code-block-1  04  40  00  02  00  00  00  00 
481: MBA  0A  [10|0000|1010|000] 001050   Code-block-2  04  22  00  00  00  00  00  00 
482: MBA  0A  [11|0000|1010|000] 001850   Code-block-3  00  00  0C  00  00  00  00  00 
483: MBA  0A  [01|0001|1010|000] 0008D0   Code-block-1  04  40  00  02  00  00  00  00 
484: MBA  0A  [10|0001|1010|000] 0010D0   Code-block-2  04  22  00  00  00  00  00  00 
485: MBA  0A  [11|0001|1010|000] 0018D0   Code-block-3  00  00  0C  00  00  00  00  00 
486: MBA  0A  [01|0010|1010|000] 000950   Code-block-1  04  40  00  02  00  00  00  00 
487: MBA  0A  [10|0010|1010|000] 001150   Code-block-2  04  22  00  00  00  00  00  00 
488: MBA  0A  [11|0010|1010|000] 001950   Code-block-3  00  00  0C  00  00  00  00  00 
489: MBA  0A  [01|0011|1010|000] 0009D0   Code-block-1  04  40  00  02  00  00  00  00 
490: MBA  0A  [10|0011|1010|000] 0011D0   Code-block-2  04  22  00  00  00  00  00  00 
491: MBA  0A  [11|0011|1010|000] 0019D0   Code-block-3  00  00  0C  00  00  00  00  00 
492: MBA  0A  [01|0100|1010|000] 000A50   Code-block-1  04  40  00  02  00  00  00  00 
493: MBA  0A  [10|0100|1010|000] 001250   Code-block-2  04  22  00  00  00  00  00  00 
494: MBA  0A  [11|0100|1010|000] 001A50   Code-block-3  00  00  0C  00  00  00  00  00 
495: MBA  0A  [01|0101|1010|000] 000AD0   Code-block-1  04  40  00  02  00  00  00  00 
496: MBA  0A  [10|0101|1010|000] 0012D0   Code-block-2  04  22  00  00  00  00  00  00 
497: MBA  0A  [11|0101|1010|000] 001AD0   Code-block-3  00  00  0C  00  00  00  00  00 
498: MBA  0A  [01|0110|1010|000] 000B50   Code-block-1  04  40  00  02  00  00  00  00 
499: MBA  0A  [10|0110|1010|000] 001350   Code-block-2  04  22  00  00  00  00  00  00 
500: MBA  0A  [11|0110|1010|000] 001B50   Code-block-3  00  00  0C  00  00  00  00  00 
501: MBA  0A  [01|0111|1010|000] 000BD0   Code-block-1  04  40  00  02  00  00  00  00 
502: MBA  0A  [10|0111|1010|000] 0013D0   Code-block-2  04  22  00  00  00  00  00  00 
503: MBA  0A  [11|0111|1010|000] 001BD0   Code-block-3  00  00  0C  00  00  00  00  00 
504: MBA  0A  [01|1000|1010|000] 000C50   Code-block-1  04  40  00  02  00  00  00  00 
505: MBA  0A  [10|1000|1010|000] 001450   Code-block-2  04  22  00  00  00  00  00  00 
506: MBA  0A  [11|1000|1010|000] 001C50   Code-block-3  00  00  0C  00  00  00  00  00 
507: MBA  0A  [01|1001|1010|000] 000CD0   Code-block-1  04  40  00  02  00  00  00  00 
508: MBA  0A  [10|1001|1010|000] 0014D0   Code-block-2  04  22  00  00  00  00  00  00 
509: MBA  0A  [11|1001|1010|000] 001CD0   Code-block-3  00  00  0C  00  00  00  00  00 
510: MBA  0A  [01|1010|1010|000] 000D50   Code-block-1  04  40  00  02  00  00  00  00 
511: MBA  0A  [10|1010|1010|000] 001550   Code-block-2  04  22  00  00  00  00  00  00 
512: MBA  0A  [11|1010|1010|000] 001D50   Code-block-3  00  00  0C  00  00  00  00  00 
513: MBA  0A  [01|1011|1010|000] 000DD0   Code-block-1  04  40  00  02  00  00  00  00 
514: MBA  0A  [10|1011|1010|000] 0015D0   Code-block-2  04  22  00  00  00  00  00  00 
515: MBA  0A  [11|1011|1010|000] 001DD0   Code-block-3  00  00  0C  00  00  00  00  00 
516: MBA  0A  [01|1100|1010|000] 000E50   Code-block-1  04  40  00  02  00  00  00  00 
517: MBA  0A  [10|1100|1010|000] 001650   Code-block-2  04  22  00  00  00  00  00  00 
518: MBA  0A  [11|1100|1010|000] 001E50   Code-block-3  00  00  0C  00  00  00  00  00 
519: MBA  0A  [01|1101|1010|000] 000ED0   Code-block-1  04  40  00  02  00  00  00  00 
520: MBA  0A  [10|1101|1010|000] 0016D0   Code-block-2  04  22  00  00  00  00  00  00 
521: MBA  0A  [11|1101|1010|000] 001ED0   Code-block-3  00  00  0C  00  00  00  00  00 
522: MBA  0A  [01|1110|1010|000] 000F50   Code-block-1  04  40  00  02  00  00  00  00 
523: MBA  0A  [10|1110|1010|000] 001750   Code-block-2  04  22  00  00  00  00  00  00 
524: MBA  0A  [11|1110|1010|000] 001F50   Code-block-3  00  00  0C  00  00  00  00  00 
525: MBA  0A  [01|1111|1010|000] 000FD0   Code-block-1  04  40  00  02  00  00  00  00 
526: MBA  0A  [10|1111|1010|000] 0017D0   Code-block-2  04  22  00  00  00  00  00  00 
527: MBA  0A  [11|1111|1010|000] 001FD0   Code-block-3  00  00  0C  00  00  00  00  00 
528: INC  0B  [01|0000|1011|000] 000858   Code-block-1  04  40  00  00  02  00  00  00 
529: INC  0B  [10|0000|1011|000] 001058   Code-block-2  04  22  40  10  00  00  00  00 
530: INC  0B  [11|0000|1011|000] 001858   Code-block-3  00  00  02  48  00  00  00  00 
531: INC  0B  [01|0001|1011|000] 0008D8   Code-block-1  04  40  00  00  02  00  00  00 
532: INC  0B  [10|0001|1011|000] 0010D8   Code-block-2  04  22  40  10  00  00  00  00 
533: INC  0B  [11|0001|1011|000] 0018D8   Code-block-3  00  00  02  48  00  00  00  00 
534: INC  0B  [01|0010|1011|000] 000958   Code-block-1  04  40  00  00  02  00  00  00 
535: INC  0B  [10|0010|1011|000] 001158   Code-block-2  04  22  40  10  00  00  00  00 
536: INC  0B  [11|0010|1011|000] 001958   Code-block-3  00  00  02  48  00  00  00  00 
537: INC  0B  [01|0011|1011|000] 0009D8   Code-block-1  04  40  00  00  02  00  00  00 
538: INC  0B  [10|0011|1011|000] 0011D8   Code-block-2  04  22  40  10  00  00  00  00 
539: INC  0B  [11|0011|1011|000] 0019D8   Code-block-3  00  00  02  48  00  00  00  00 
540: INC  0B  [01|0100|1011|000] 000A58   Code-block-1  04  40  00  00  02  00  00  00 
541: INC  0B  [10|0100|1011|000] 001258   Code-block-2  04  22  40  10  00  00  00  00 
542: INC  0B  [11|0100|1011|000] 001A58   Code-block-3  00  00  02  48  00  00  00  00 
543: INC  0B  [01|0101|1011|000] 000AD8   Code-block-1  04  40  00  00  02  00  00  00 
544: INC  0B  [10|0101|1011|000] 0012D8   Code-block-2  04  22  40  10  00  00  00  00 
545: INC  0B  [11|0101|1011|000] 001AD8   Code-block-3  00  00  02  48  00  00  00  00 
546: INC  0B  [01|0110|1011|000] 000B58   Code-block-1  04  40  00  00  02  00  00  00 
547: INC  0B  [10|0110|1011|000] 001358   Code-block-2  04  22  40  10  00  00  00  00 
548: INC  0B  [11|0110|1011|000] 001B58   Code-block-3  00  00  02  48  00  00  00  00 
549: INC  0B  [01|0111|1011|000] 000BD8   Code-block-1  04  40  00  00  02  00  00  00 
550: INC  0B  [10|0111|1011|000] 0013D8   Code-block-2  04  22  40  10  00  00  00  00 
551: INC  0B  [11|0111|1011|000] 001BD8   Code-block-3  00  00  02  48  00  00  00  00 
552: INC  0B  [01|1000|1011|000] 000C58   Code-block-1  04  40  00  00  02  00  00  00 
553: INC  0B  [10|1000|1011|000] 001458   Code-block-2  04  22  40  10  00  00  00  00 
554: INC  0B  [11|1000|1011|000] 001C58   Code-block-3  00  00  02  48  00  00  00  00 
555: INC  0B  [01|1001|1011|000] 000CD8   Code-block-1  04  40  00  00  02  00  00  00 
556: INC  0B  [10|1001|1011|000] 0014D8   Code-block-2  04  22  40  10  00  00  00  00 
557: INC  0B  [11|1001|1011|000] 001CD8   Code-block-3  00  00  02  48  00  00  00  00 
558: INC  0B  [01|1010|1011|000] 000D58   Code-block-1  04  40  00  00  02  00  00  00 
559: INC  0B  [10|1010|1011|000] 001558   Code-block-2  04  22  40  10  00  00  00  00 
560: INC  0B  [11|1010|1011|000] 001D58   Code-block-3  00  00  02  48  00  00  00  00 
561: INC  0B  [01|1011|1011|000] 000DD8   Code-block-1  04  40  00  00  02  00  00  00 
562: INC  0B  [10|1011|1011|000] 0015D8   Code-block-2  04  22  40  10  00  00  00  00 
563: INC  0B  [11|1011|1011|000] 001DD8   Code-block-3  00  00  02  48  00  00  00  00 
564: INC  0B  [01|1100|1011|000] 000E58   Code-block-1  04  40  00  00  02  00  00  00 
565: INC  0B  [10|1100|1011|000] 001658   Code-block-2  04  22  40  10  00  00  00  00 
566: INC  0B  [11|1100|1011|000] 001E58   Code-block-3  00  00  02  48  00  00  00  00 
567: INC  0B  [01|1101|1011|000] 000ED8   Code-block-1  04  40  00  00  02  00  00  00 
568: INC  0B  [10|1101|1011|000] 0016D8   Code-block-2  04  22  40  10  00  00  00  00 
569: INC  0B  [11|1101|1011|000] 001ED8   Code-block-3  00  00  02  48  00  00  00  00 
570: INC  0B  [01|1110|1011|000] 000F58   Code-block-1  04  40  00  00  02  00  00  00 
571: INC  0B  [10|1110|1011|000] 001758   Code-block-2  04  22  40  10  00  00  00  00 
572: INC  0B  [11|1110|1011|000] 001F58   Code-block-3  00  00  02  48  00  00  00  00 
573: INC  0B  [01|1111|1011|000] 000FD8   Code-block-1  04  40  00  00  02  00  00  00 
574: INC  0B  [10|1111|1011|000] 0017D8   Code-block-2  04  22  40  10  00  00  00  00 
575: INC  0B  [11|1111|1011|000] 001FD8   Code-block-3  00  00  02  48  00  00  00  00 
576: DEC  0C  [01|0000|1100|000] 000860   Code-block-1  04  40  00  00  02  00  00  00 
577: DEC  0C  [10|0000|1100|000] 001060   Code-block-2  04  22  40  10  00  00  00  00 
578: DEC  0C  [11|0000|1100|000] 001860   Code-block-3  00  00  02  68  00  00  00  00 
579: DEC  0C  [01|0001|1100|000] 0008E0   Code-block-1  04  40  00  00  02  00  00  00 
580: DEC  0C  [10|0001|1100|000] 0010E0   Code-block-2  04  22  40  10  00  00  00  00 
581: DEC  0C  [11|0001|1100|000] 0018E0   Code-block-3  00  00  02  68  00  00  00  00 
582: DEC  0C  [01|0010|1100|000] 000960   Code-block-1  04  40  00  00  02  00  00  00 
583: DEC  0C  [10|0010|1100|000] 001160   Code-block-2  04  22  40  10  00  00  00  00 
584: DEC  0C  [11|0010|1100|000] 001960   Code-block-3  00  00  02  68  00  00  00  00 
585: DEC  0C  [01|0011|1100|000] 0009E0   Code-block-1  04  40  00  00  02  00  00  00 
586: DEC  0C  [10|0011|1100|000] 0011E0   Code-block-2  04  22  40  10  00  00  00  00 
587: DEC  0C  [11|0011|1100|000] 0019E0   Code-block-3  00  00  02  68  00  00  00  00 
588: DEC  0C  [01|0100|1100|000] 000A60   Code-block-1  04  40  00  00  02  00  00  00 
589: DEC  0C  [10|0100|1100|000] 001260   Code-block-2  04  22  40  10  00  00  00  00 
590: DEC  0C  [11|0100|1100|000] 001A60   Code-block-3  00  00  02  68  00  00  00  00 
591: DEC  0C  [01|0101|1100|000] 000AE0   Code-block-1  04  40  00  00  02  00  00  00 
592: DEC  0C  [10|0101|1100|000] 0012E0   Code-block-2  04  22  40  10  00  00  00  00 
593: DEC  0C  [11|0101|1100|000] 001AE0   Code-block-3  00  00  02  68  00  00  00  00 
594: DEC  0C  [01|0110|1100|000] 000B60   Code-block-1  04  40  00  00  02  00  00  00 
595: DEC  0C  [10|0110|1100|000] 001360   Code-block-2  04  22  40  10  00  00  00  00 
596: DEC  0C  [11|0110|1100|000] 001B60   Code-block-3  00  00  02  68  00  00  00  00 
597: DEC  0C  [01|0111|1100|000] 000BE0   Code-block-1  04  40  00  00  02  00  00  00 
598: DEC  0C  [10|0111|1100|000] 0013E0   Code-block-2  04  22  40  10  00  00  00  00 
599: DEC  0C  [11|0111|1100|000] 001BE0   Code-block-3  00  00  02  68  00  00  00  00 
600: DEC  0C  [01|1000|1100|000] 000C60   Code-block-1  04  40  00  00  02  00  00  00 
601: DEC  0C  [10|1000|1100|000] 001460   Code-block-2  04  22  40  10  00  00  00  00 
602: DEC  0C  [11|1000|1100|000] 001C60   Code-block-3  00  00  02  68  00  00  00  00 
603: DEC  0C  [01|1001|1100|000] 000CE0   Code-block-1  04  40  00  00  02  00  00  00 
604: DEC  0C  [10|1001|1100|000] 0014E0   Code-block-2  04  22  40  10  00  00  00  00 
605: DEC  0C  [11|1001|1100|000] 001CE0   Code-block-3  00  00  02  68  00  00  00  00 
606: DEC  0C  [01|1010|1100|000] 000D60   Code-block-1  04  40  00  00  02  00  00  00 
607: DEC  0C  [10|1010|1100|000] 001560   Code-block-2  04  22  40  10  00  00  00  00 
608: DEC  0C  [11|1010|1100|000] 001D60   Code-block-3  00  00  02  68  00  00  00  00 
609: DEC  0C  [01|1011|1100|000] 000DE0   Code-block-1  04  40  00  00  02  00  00  00 
610: DEC  0C  [10|1011|1100|000] 0015E0   Code-block-2  04  22  40  10  00  00  00  00 
611: DEC  0C  [11|1011|1100|000] 001DE0   Code-block-3  00  00  02  68  00  00  00  00 
612: DEC  0C  [01|1100|1100|000] 000E60   Code-block-1  04  40  00  00  02  00  00  00 
613: DEC  0C  [10|1100|1100|000] 001660   Code-block-2  04  22  40  10  00  00  00  00 
614: DEC  0C  [11|1100|1100|000] 001E60   Code-block-3  00  00  02  68  00  00  00  00 
615: DEC  0C  [01|1101|1100|000] 000EE0   Code-block-1  04  40  00  00  02  00  00  00 
616: DEC  0C  [10|1101|1100|000] 0016E0   Code-block-2  04  22  40  10  00  00  00  00 
617: DEC  0C  [11|1101|1100|000] 001EE0   Code-block-3  00  00  02  68  00  00  00  00 
618: DEC  0C  [01|1110|1100|000] 000F60   Code-block-1  04  40  00  00  02  00  00  00 
619: DEC  0C  [10|1110|1100|000] 001760   Code-block-2  04  22  40  10  00  00  00  00 
620: DEC  0C  [11|1110|1100|000] 001F60   Code-block-3  00  00  02  68  00  00  00  00 
621: DEC  0C  [01|1111|1100|000] 000FE0   Code-block-1  04  40  00  00  02  00  00  00 
622: DEC  0C  [10|1111|1100|000] 0017E0   Code-block-2  04  22  40  10  00  00  00  00 
623: DEC  0C  [11|1111|1100|000] 001FE0   Code-block-3  00  00  02  68  00  00  00  00 
624: LDP  0D  [01|0000|1101|000] 000868   Code-block-1  04  40  08  04  20  02  00  00 
625: LDP  0D  [10|0000|1101|000] 001068   Code-block-2  04  22  00  40  00  00  00  00 
626: LDP  0D  [11|0000|1101|000] 001868   Code-block-3  00  00  08  00  10  00  00  00 
627: LDP  0D  [01|0001|1101|000] 0008E8   Code-block-1  04  40  08  04  20  02  00  00 
628: LDP  0D  [10|0001|1101|000] 0010E8   Code-block-2  04  22  00  40  00  00  00  00 
629: LDP  0D  [11|0001|1101|000] 0018E8   Code-block-3  00  00  08  00  10  00  00  00 
630: LDP  0D  [01|0010|1101|000] 000968   Code-block-1  04  40  08  04  20  02  00  00 
631: LDP  0D  [10|0010|1101|000] 001168   Code-block-2  04  22  00  40  00  00  00  00 
632: LDP  0D  [11|0010|1101|000] 001968   Code-block-3  00  00  08  00  10  00  00  00 
633: LDP  0D  [01|0011|1101|000] 0009E8   Code-block-1  04  40  08  04  20  02  00  00 
634: LDP  0D  [10|0011|1101|000] 0011E8   Code-block-2  04  22  00  40  00  00  00  00 
635: LDP  0D  [11|0011|1101|000] 0019E8   Code-block-3  00  00  08  00  10  00  00  00 
636: LDP  0D  [01|0100|1101|000] 000A68   Code-block-1  04  40  08  04  20  02  00  00 
637: LDP  0D  [10|0100|1101|000] 001268   Code-block-2  04  22  00  40  00  00  00  00 
638: LDP  0D  [11|0100|1101|000] 001A68   Code-block-3  00  00  08  00  10  00  00  00 
639: LDP  0D  [01|0101|1101|000] 000AE8   Code-block-1  04  40  08  04  20  02  00  00 
640: LDP  0D  [10|0101|1101|000] 0012E8   Code-block-2  04  22  00  40  00  00  00  00 
641: LDP  0D  [11|0101|1101|000] 001AE8   Code-block-3  00  00  08  00  10  00  00  00 
642: LDP  0D  [01|0110|1101|000] 000B68   Code-block-1  04  40  08  04  20  02  00  00 
643: LDP  0D  [10|0110|1101|000] 001368   Code-block-2  04  22  00  40  00  00  00  00 
644: LDP  0D  [11|0110|1101|000] 001B68   Code-block-3  00  00  08  00  10  00  00  00 
645: LDP  0D  [01|0111|1101|000] 000BE8   Code-block-1  04  40  08  04  20  02  00  00 
646: LDP  0D  [10|0111|1101|000] 0013E8   Code-block-2  04  22  00  40  00  00  00  00 
647: LDP  0D  [11|0111|1101|000] 001BE8   Code-block-3  00  00  08  00  10  00  00  00 
648: LDP  0D  [01|1000|1101|000] 000C68   Code-block-1  04  40  08  04  20  02  00  00 
649: LDP  0D  [10|1000|1101|000] 001468   Code-block-2  04  22  00  40  00  00  00  00 
650: LDP  0D  [11|1000|1101|000] 001C68   Code-block-3  00  00  08  00  10  00  00  00 
651: LDP  0D  [01|1001|1101|000] 000CE8   Code-block-1  04  40  08  04  20  02  00  00 
652: LDP  0D  [10|1001|1101|000] 0014E8   Code-block-2  04  22  00  40  00  00  00  00 
653: LDP  0D  [11|1001|1101|000] 001CE8   Code-block-3  00  00  08  00  10  00  00  00 
654: LDP  0D  [01|1010|1101|000] 000D68   Code-block-1  04  40  08  04  20  02  00  00 
655: LDP  0D  [10|1010|1101|000] 001568   Code-block-2  04  22  00  40  00  00  00  00 
656: LDP  0D  [11|1010|1101|000] 001D68   Code-block-3  00  00  08  00  10  00  00  00 
657: LDP  0D  [01|1011|1101|000] 000DE8   Code-block-1  04  40  08  04  20  02  00  00 
658: LDP  0D  [10|1011|1101|000] 0015E8   Code-block-2  04  22  00  40  00  00  00  00 
659: LDP  0D  [11|1011|1101|000] 001DE8   Code-block-3  00  00  08  00  10  00  00  00 
660: LDP  0D  [01|1100|1101|000] 000E68   Code-block-1  04  40  08  04  20  02  00  00 
661: LDP  0D  [10|1100|1101|000] 001668   Code-block-2  04  22  00  40  00  00  00  00 
662: LDP  0D  [11|1100|1101|000] 001E68   Code-block-3  00  00  08  00  10  00  00  00 
663: LDP  0D  [01|1101|1101|000] 000EE8   Code-block-1  04  40  08  04  20  02  00  00 
664: LDP  0D  [10|1101|1101|000] 0016E8   Code-block-2  04  22  00  40  00  00  00  00 
665: LDP  0D  [11|1101|1101|000] 001EE8   Code-block-3  00  00  08  00  10  00  00  00 
666: LDP  0D  [01|1110|1101|000] 000F68   Code-block-1  04  40  08  04  20  02  00  00 
667: LDP  0D  [10|1110|1101|000] 001768   Code-block-2  04  22  00  40  00  00  00  00 
668: LDP  0D  [11|1110|1101|000] 001F68   Code-block-3  00  00  08  00  10  00  00  00 
669: LDP  0D  [01|1111|1101|000] 000FE8   Code-block-1  04  40  08  04  20  02  00  00 
670: LDP  0D  [10|1111|1101|000] 0017E8   Code-block-2  04  22  00  40  00  00  00  00 
671: LDP  0D  [11|1111|1101|000] 001FE8   Code-block-3  00  00  08  00  10  00  00  00 
672: OUT  0E  [01|0000|1110|000] 000870   Code-block-1  04  40  80  02  00  00  00  00 
673: OUT  0E  [10|0000|1110|000] 001070   Code-block-2  04  22  00  00  00  00  00  00 
674: OUT  0E  [11|0000|1110|000] 001870   Code-block-3  00  00  10  00  00  00  00  00 
675: OUT  0E  [01|0001|1110|000] 0008F0   Code-block-1  04  40  80  02  00  00  00  00 
676: OUT  0E  [10|0001|1110|000] 0010F0   Code-block-2  04  22  00  00  00  00  00  00 
677: OUT  0E  [11|0001|1110|000] 0018F0   Code-block-3  00  00  10  00  00  00  00  00 
678: OUT  0E  [01|0010|1110|000] 000970   Code-block-1  04  40  80  02  00  00  00  00 
679: OUT  0E  [10|0010|1110|000] 001170   Code-block-2  04  22  00  00  00  00  00  00 
680: OUT  0E  [11|0010|1110|000] 001970   Code-block-3  00  00  10  00  00  00  00  00 
681: OUT  0E  [01|0011|1110|000] 0009F0   Code-block-1  04  40  80  02  00  00  00  00 
682: OUT  0E  [10|0011|1110|000] 0011F0   Code-block-2  04  22  00  00  00  00  00  00 
683: OUT  0E  [11|0011|1110|000] 0019F0   Code-block-3  00  00  10  00  00  00  00  00 
684: OUT  0E  [01|0100|1110|000] 000A70   Code-block-1  04  40  80  02  00  00  00  00 
685: OUT  0E  [10|0100|1110|000] 001270   Code-block-2  04  22  00  00  00  00  00  00 
686: OUT  0E  [11|0100|1110|000] 001A70   Code-block-3  00  00  10  00  00  00  00  00 
687: OUT  0E  [01|0101|1110|000] 000AF0   Code-block-1  04  40  80  02  00  00  00  00 
688: OUT  0E  [10|0101|1110|000] 0012F0   Code-block-2  04  22  00  00  00  00  00  00 
689: OUT  0E  [11|0101|1110|000] 001AF0   Code-block-3  00  00  10  00  00  00  00  00 
690: OUT  0E  [01|0110|1110|000] 000B70   Code-block-1  04  40  80  02  00  00  00  00 
691: OUT  0E  [10|0110|1110|000] 001370   Code-block-2  04  22  00  00  00  00  00  00 
692: OUT  0E  [11|0110|1110|000] 001B70   Code-block-3  00  00  10  00  00  00  00  00 
693: OUT  0E  [01|0111|1110|000] 000BF0   Code-block-1  04  40  80  02  00  00  00  00 
694: OUT  0E  [10|0111|1110|000] 0013F0   Code-block-2  04  22  00  00  00  00  00  00 
695: OUT  0E  [11|0111|1110|000] 001BF0   Code-block-3  00  00  10  00  00  00  00  00 
696: OUT  0E  [01|1000|1110|000] 000C70   Code-block-1  04  40  80  02  00  00  00  00 
697: OUT  0E  [10|1000|1110|000] 001470   Code-block-2  04  22  00  00  00  00  00  00 
698: OUT  0E  [11|1000|1110|000] 001C70   Code-block-3  00  00  10  00  00  00  00  00 
699: OUT  0E  [01|1001|1110|000] 000CF0   Code-block-1  04  40  80  02  00  00  00  00 
700: OUT  0E  [10|1001|1110|000] 0014F0   Code-block-2  04  22  00  00  00  00  00  00 
701: OUT  0E  [11|1001|1110|000] 001CF0   Code-block-3  00  00  10  00  00  00  00  00 
702: OUT  0E  [01|1010|1110|000] 000D70   Code-block-1  04  40  80  02  00  00  00  00 
703: OUT  0E  [10|1010|1110|000] 001570   Code-block-2  04  22  00  00  00  00  00  00 
704: OUT  0E  [11|1010|1110|000] 001D70   Code-block-3  00  00  10  00  00  00  00  00 
705: OUT  0E  [01|1011|1110|000] 000DF0   Code-block-1  04  40  80  02  00  00  00  00 
706: OUT  0E  [10|1011|1110|000] 0015F0   Code-block-2  04  22  00  00  00  00  00  00 
707: OUT  0E  [11|1011|1110|000] 001DF0   Code-block-3  00  00  10  00  00  00  00  00 
708: OUT  0E  [01|1100|1110|000] 000E70   Code-block-1  04  40  80  02  00  00  00  00 
709: OUT  0E  [10|1100|1110|000] 001670   Code-block-2  04  22  00  00  00  00  00  00 
710: OUT  0E  [11|1100|1110|000] 001E70   Code-block-3  00  00  10  00  00  00  00  00 
711: OUT  0E  [01|1101|1110|000] 000EF0   Code-block-1  04  40  80  02  00  00  00  00 
712: OUT  0E  [10|1101|1110|000] 0016F0   Code-block-2  04  22  00  00  00  00  00  00 
713: OUT  0E  [11|1101|1110|000] 001EF0   Code-block-3  00  00  10  00  00  00  00  00 
714: OUT  0E  [01|1110|1110|000] 000F70   Code-block-1  04  40  80  02  00  00  00  00 
715: OUT  0E  [10|1110|1110|000] 001770   Code-block-2  04  22  00  00  00  00  00  00 
716: OUT  0E  [11|1110|1110|000] 001F70   Code-block-3  00  00  10  00  00  00  00  00 
717: OUT  0E  [01|1111|1110|000] 000FF0   Code-block-1  04  40  80  02  00  00  00  00 
718: OUT  0E  [10|1111|1110|000] 0017F0   Code-block-2  04  22  00  00  00  00  00  00 
719: OUT  0E  [11|1111|1110|000] 001FF0   Code-block-3  00  00  10  00  00  00  00  00 
720: HLT  0F  [01|0000|1111|000] 000878   Code-block-1  04  40  00  00  00  00  00  00 
721: HLT  0F  [10|0000|1111|000] 001078   Code-block-2  04  22  00  00  00  00  00  00 
722: HLT  0F  [11|0000|1111|000] 001878   Code-block-3  00  00  80  00  00  00  00  00 
723: HLT  0F  [01|0001|1111|000] 0008F8   Code-block-1  04  40  00  00  00  00  00  00 
724: HLT  0F  [10|0001|1111|000] 0010F8   Code-block-2  04  22  00  00  00  00  00  00 
725: HLT  0F  [11|0001|1111|000] 0018F8   Code-block-3  00  00  80  00  00  00  00  00 
726: HLT  0F  [01|0010|1111|000] 000978   Code-block-1  04  40  00  00  00  00  00  00 
727: HLT  0F  [10|0010|1111|000] 001178   Code-block-2  04  22  00  00  00  00  00  00 
728: HLT  0F  [11|0010|1111|000] 001978   Code-block-3  00  00  80  00  00  00  00  00 
729: HLT  0F  [01|0011|1111|000] 0009F8   Code-block-1  04  40  00  00  00  00  00  00 
730: HLT  0F  [10|0011|1111|000] 0011F8   Code-block-2  04  22  00  00  00  00  00  00 
731: HLT  0F  [11|0011|1111|000] 0019F8   Code-block-3  00  00  80  00  00  00  00  00 
732: HLT  0F  [01|0100|1111|000] 000A78   Code-block-1  04  40  00  00  00  00  00  00 
733: HLT  0F  [10|0100|1111|000] 001278   Code-block-2  04  22  00  00  00  00  00  00 
734: HLT  0F  [11|0100|1111|000] 001A78   Code-block-3  00  00  80  00  00  00  00  00 
735: HLT  0F  [01|0101|1111|000] 000AF8   Code-block-1  04  40  00  00  00  00  00  00 
736: HLT  0F  [10|0101|1111|000] 0012F8   Code-block-2  04  22  00  00  00  00  00  00 
737: HLT  0F  [11|0101|1111|000] 001AF8   Code-block-3  00  00  80  00  00  00  00  00 
738: HLT  0F  [01|0110|1111|000] 000B78   Code-block-1  04  40  00  00  00  00  00  00 
739: HLT  0F  [10|0110|1111|000] 001378   Code-block-2  04  22  00  00  00  00  00  00 
740: HLT  0F  [11|0110|1111|000] 001B78   Code-block-3  00  00  80  00  00  00  00  00 
741: HLT  0F  [01|0111|1111|000] 000BF8   Code-block-1  04  40  00  00  00  00  00  00 
742: HLT  0F  [10|0111|1111|000] 0013F8   Code-block-2  04  22  00  00  00  00  00  00 
743: HLT  0F  [11|0111|1111|000] 001BF8   Code-block-3  00  00  80  00  00  00  00  00 
744: HLT  0F  [01|1000|1111|000] 000C78   Code-block-1  04  40  00  00  00  00  00  00 
745: HLT  0F  [10|1000|1111|000] 001478   Code-block-2  04  22  00  00  00  00  00  00 
746: HLT  0F  [11|1000|1111|000] 001C78   Code-block-3  00  00  80  00  00  00  00  00 
747: HLT  0F  [01|1001|1111|000] 000CF8   Code-block-1  04  40  00  00  00  00  00  00 
748: HLT  0F  [10|1001|1111|000] 0014F8   Code-block-2  04  22  00  00  00  00  00  00 
749: HLT  0F  [11|1001|1111|000] 001CF8   Code-block-3  00  00  80  00  00  00  00  00 
750: HLT  0F  [01|1010|1111|000] 000D78   Code-block-1  04  40  00  00  00  00  00  00 
751: HLT  0F  [10|1010|1111|000] 001578   Code-block-2  04  22  00  00  00  00  00  00 
752: HLT  0F  [11|1010|1111|000] 001D78   Code-block-3  00  00  80  00  00  00  00  00 
753: HLT  0F  [01|1011|1111|000] 000DF8   Code-block-1  04  40  00  00  00  00  00  00 
754: HLT  0F  [10|1011|1111|000] 0015F8   Code-block-2  04  22  00  00  00  00  00  00 
755: HLT  0F  [11|1011|1111|000] 001DF8   Code-block-3  00  00  80  00  00  00  00  00 
756: HLT  0F  [01|1100|1111|000] 000E78   Code-block-1  04  40  00  00  00  00  00  00 
757: HLT  0F  [10|1100|1111|000] 001678   Code-block-2  04  22  00  00  00  00  00  00 
758: HLT  0F  [11|1100|1111|000] 001E78   Code-block-3  00  00  80  00  00  00  00  00 
759: HLT  0F  [01|1101|1111|000] 000EF8   Code-block-1  04  40  00  00  00  00  00  00 
760: HLT  0F  [10|1101|1111|000] 0016F8   Code-block-2  04  22  00  00  00  00  00  00 
761: HLT  0F  [11|1101|1111|000] 001EF8   Code-block-3  00  00  80  00  00  00  00  00 
762: HLT  0F  [01|1110|1111|000] 000F78   Code-block-1  04  40  00  00  00  00  00  00 
763: HLT  0F  [10|1110|1111|000] 001778   Code-block-2  04  22  00  00  00  00  00  00 
764: HLT  0F  [11|1110|1111|000] 001F78   Code-block-3  00  00  80  00  00  00  00  00 
765: HLT  0F  [01|1111|1111|000] 000FF8   Code-block-1  04  40  00  00  00  00  00  00 
766: HLT  0F  [10|1111|1111|000] 0017F8   Code-block-2  04  22  00  00  00  00  00  00 
767: HLT  0F  [11|1111|1111|000] 001FF8   Code-block-3  00  00  80  00  00  00  00  00 
